555 558 600 603 606 608 610 618 626
625 628 630 633 636 638 640 648 656
655 658 700 703 706 708 710 718 726
710 713 715 718 721 723 725 733 741
725 728 730 733 736 738 740 748 756
740 743 745 748 751 753 755 803 811
755 758 800 803 806 808 810 818 826
810 813 815 818 821 823 825 833 841
825 828 830 833 836 838 840 848 856
840 843 845 848 851 853 855 903 911
855 858 900 903 906 908 910 918 926
925 928 930 933 936 938 940 948 956
955 958 1000 1003 1006 1008 1010 1018 1026
1025 1028 1030 1033 1036 1038 1040 1048 1056
1055 1058 1100 1103 1106 1108 1110 1118 1126
1125 1128 1130 1133 1136 1138 1140 1148 1156
1155 1158 1200 1203 1206 1208 1210 1218 1226
1225 1228 1230 1233 1236 1238 1240 1248 1256
1255 1258 1300 1303 1306 1308 1310 1318 1326
1325 1328 1330 1333 1336 1338 1340 1348 1356
1355 1358 1400 1403 1406 1408 1410 1418 1426
1425 1428 1430 1433 1436 1438 1440 1448 1456
1455 1458 1500 1503 1506 1508 1510 1518 1526
1525 1528 1530 1533 1536 1538 1540 1548 1556
1555 1558 1600 1603 1606 1608 1610 1618 1626
1610 1613 1615 1618 1621 1623 1625 1633 1641
1625 1628 1630 1633 1636 1638 1640 1648 1656
1640 1643 1645 1648 1651 1653 1655 1703 1711
1655 1658 1700 1703 1706 1708 1710 1718 1726
1710 1713 1715 1718 1721 1723 1725 1733 1741
1725 1728 1730 1733 1736 1738 1740 1748 1756
1740 1743 1745 1748 1751 1753 1755 1803 1811
1755 1758 1800 1803 1806 1808 1810 1818 1826
1810 1813 1815 1818 1821 1823 1825 1833 1841
1825 1828 1830 1833 1836 1838 1840 1848 1856
1840 1843 1845 1848 1851 1853 1855 1903 1911
1855 1858 1900 1903 1906 1908 1910 1918 1926
1925 1928 1930 1933 1936 1938 1940 1948 1956
1955 1958 2000 2003 2006 2008 2010 2018 2026
2025 2028 2030 2033 2036 2038 2040 2048 2056
2055 2058 2100 2103 2106 2108 2110 2118 2126
2125 2128 2130 2133 2136 2138 2140 2148 2156
2225 2228 2230 2233 2236 2238 2240 2248 2256
2325 2328 2330 2333 2336 2338 2340 2348 2356
